,comment_id,text,score,awards,timestamp,author
0,gpkpwzy,"Its not a secret they overcharge for mortgages, theres a reason the profit margins are so high. They've expanded quite a lot so profits are being blown up like crazy. They're great at selling and make it seem like you're getting the best possible deal out there.. not trying to disparage you but that's just their business model.",-1,0,1614803715,SpyingFuzzball
1,gpkq50r,"I’m no autist, but my understanding is that the cheaper initial option buy can be preferable to some? Somebody please feel free to tell me how retarded that is, thanks.",2,0,1614803812,--Lycaon--
2,gpkq7uh,[removed],1,0,1614803847,[deleted]
3,gpkq99v,[removed],1,0,1614803865,[deleted]
4,gpkqckj,how soon? I'm buying calls on this baby.,1,0,1614803905,DothrakAndRoll
5,gpkqf9k,Expires the 19th but jump is expected 03/21-03/22.,2,0,1614803938,DothrakAndRoll
6,gpkqhqi,[removed],1,0,1614803967,[deleted]
7,gpkqilb,[removed],1,0,1614803978,[deleted]
8,gpkqn8x,Who do you think got you to $10? Me who bought at $10.18.,16,0,1614804032,gargully
9,gpkqv5u,[removed],1,0,1614804126,[deleted]
10,gpkqxzm,"Try $17.5 for Apr 16

I have some extra crayons if you’re hungry.",1,0,1614804161,gargully
11,gpkqz3l,[removed],1,0,1614804174,[deleted]
12,gpkr3hy,[removed],1,0,1614804226,[deleted]
13,gpkr6ro,And me who bought at 11.90,12,0,1614804266,lshqpyari
14,gpkralr,[removed],1,0,1614804311,[deleted]
15,gpkrh4t,200 at 9.80 let’s goooo,4,0,1614804388,wolfblitzens
16,gpkrni5,"&gt; SPY ~~goes down~~ calls go on sale

Remember all, SPY 400 is not a meme",1,0,1614804464,justcool393
17,gpkru1h,"Alright you apes, got a 100 of this @ 9.78...  🚀🚀🚀 

&amp;#x200B;

And holding 100 of my GME as well.",3,0,1614804544,3381024
18,gpkrup2,Premium was $413.  So instant 14% return....Then I bought another 50 shares.  :P,1,0,1614804551,BubbaWilkins
19,gpks3bl,[removed],1,0,1614804654,[deleted]
20,gpksgb2,In 50 at $9.15 a piece for starters,6,0,1614804808,NakedPatrick
21,gpkskzp,[removed],1,0,1614804865,[deleted]
22,gpksnwp,I'm in 4/16 Strike $10 for $1.90.,4,0,1614804900,Tr1ppyH1ppi3
23,gpkso1g,"https://www.thestreet.com/investing/uwm-shares-jump-named-to-russell-1000-russell-3000
🚀🚀🚀🚀🚀🚀",6,0,1614804902,sicfuk7
24,gpksom9,[removed],1,0,1614804909,[deleted]
25,gpksuog,[removed],1,0,1614804980,[deleted]
26,gpksw72,[removed],1,0,1614804999,[deleted]
27,gpksy52,"I;ve read up, it's safer to take an ITM call. Greater returns are made on OTM calls. The reason you pay higher premium is because if UWMC is worth around $10 in April, our options will still have value. But the whole point of the play is that the stock should definitely be higher than 12 by then so we aren't maximising returns...

Maybe sell this one in a couple weeks and take out new OTM calls. I am ape not advisor",2,0,1614805022,WeenTown
28,gpkt10l,[removed],1,0,1614805057,[deleted]
29,gpkt25m,[removed],1,0,1614805070,[deleted]
30,gpkt6pc,"This is a casino, sir.",12,0,1614805123,TheBroWhoLifts
31,gpktaxe,"Holy shit dude... I'm in for 1 10c 3/19 and one 12.5 for April. Godspeed, retard. It could happen!",1,0,1614805173,DothrakAndRoll
32,gpktbpo,"This thing is going to the moon. 

Its just started, get in or feel the fomo pain next couple of days",6,0,1614805183,SickGains0001
33,gpktel7,[removed],1,0,1614805216,[deleted]
34,gpktwkp,I have 4 17.5c dated for 4/16 that I got for an average of 1.08. It's yolo money but any chance this pays? Not planning to hold to expiry but want to see this hit $15,3,0,1614805423,45a
35,gpktwmw,[removed],1,0,1614805423,[deleted]
36,gpktxt9,[removed],1,0,1614805437,[deleted]
37,gpku9k3,[removed],1,0,1614805577,[deleted]
38,gpkubi8,[removed],1,0,1614805600,[deleted]
39,gpkuj70,"I'm with you.  Lost my dick, in a blender, in a house fire to my 4/16 calls for 12.5 and 15",2,0,1614805693,Dadpool33
40,gpkulfp,You gon be find it’s hitting $20 before end of this month..you will be even more better if you bought shares,1,0,1614805721,alwaysalvin_
41,gpkumb4,[removed],1,0,1614805731,[deleted]
42,gpkumjb,[removed],1,0,1614805734,[deleted]
43,gpkuq4j,[removed],1,0,1614805778,[deleted]
44,gpkv3k7,Just bought in on after market at $9.80 - hopefully that will not be a bad deal!,2,0,1614805940,PM_MOI
45,gpkv6qf,"I waited til EOD and bought shares at 9.69, and also 1 10c 3/19 and 1 12.5c 4/16 after seeing posts about a potential uptick 03/22. Godspeed fellow retards.",2,0,1614805979,DothrakAndRoll
46,gpkvb2s,I bought in at 12.50 per merger,2,0,1614806033,tkierk182
47,gpkvbn1,I just like GME 🦍,-4,0,1614806040,Article_No
48,gpkvhh2,I get that but that wasn’t my experience. After comparing multiple offers theirs was the best for us.,0,0,1614806110,thebaconater513
49,gpkvlny,What’s a share?,1,0,1614806160,DrGoozoo
50,gpkvyjb,I've been averaging in for a few weeks now...idk why it's so undervalued.,3,0,1614806315,ShinsoBEAM
51,gpkwizp,Why 3/19 and not after earnings? Buying the rumor and selling the news?,1,0,1614806564,noodlyjames
52,gpkwqrh,[removed],1,0,1614806659,[deleted]
53,gpkwxfw,125@10.2$ checking in,1,0,1614806741,TomTom_ZH
54,gpkwyh7,"Well I need another pump,so I can dump. Bought  100 @ 10.61. So hoping it come back or i’m gonna be holding for a while till I can break even or take a small profit. If I don’t sell I can’t lose.",1,0,1614806754,mtksurfer
55,gpkx5r8,[removed],1,0,1614806842,[deleted]
56,gpkxeuq,[removed],1,0,1614806952,[deleted]
57,gpkxiex,Bought some 3/19 calls on this let’s get it boys.,1,0,1614806995,_duckswag
58,gpkxiwv,[removed],1,0,1614807001,[deleted]
59,gpkxlgh,670 shares at 10.30,2,0,1614807032,AxemanFromMA
60,gpkxng6,[removed],1,0,1614807056,[deleted]
61,gpkxnyq,[removed],1,0,1614807062,[deleted]
62,gpkxzmu,[removed],1,0,1614807203,[deleted]
63,gpky867,[removed],1,0,1614807306,[deleted]
64,gpkyfhn,[removed],1,0,1614807396,[deleted]
65,gpkytlw,[removed],1,0,1614807567,[deleted]
66,gpkyvc3,hopefully,1,0,1614807588,lalafriday
67,gpkze4g,[removed],1,0,1614807817,[deleted]
68,gpkzx9d,"Love UWMC. Seems crazy low, that steady dividend will help get the shares over $16. I LIKE THIS STOCK !",5,0,1614808050,StockAstro
69,gpl099c,[removed],1,0,1614808197,[deleted]
70,gpl0pdt,[removed],1,0,1614808394,[deleted]
71,gpl0rgt,[removed],1,0,1614808421,[deleted]
72,gpl1f08,[removed],1,0,1614808707,[deleted]
73,gpl1gt9,[removed],1,0,1614808730,[deleted]
74,gpl1i1d,"**Why are DD on OCGN getting deleted?**

This has a market cap more than 1B so meets the subs min requirement

Its the highest traded share today on yahoo finance

Its moving on news that the vaccine they are marketing has better phase 3 results than JNJ and AZN and also handles mutant strains better than the mrna vaccines as it is an old style whole virus vaccine.

Plus options trading just started up on it so heavy buying of otm options can cause a gamma squeeze. Its also being heavily targetted by shorts

So it is the quintessential WSB stock. But any post with OCGN DD is getting removed

Whats up?",0,0,1614808745,pgh1979
75,gpl1smi,I bought 10 shares at $9.24 and then 100 shares at $8.23 before WSB picked it up. I bought it based on good fundamentals and the fact that it was oversold according to the technical indicators I use. Imagine my surprise seeing it on WSB a few days later.,2,0,1614808877,Enobosarm
76,gpl2287,Bought a 12.5c 3/19 at 9:01 and averaged down with an 11c 3/19 at 9:30 and said fuck it with a 10c 5/21 at ten till close. I'm hoping to break even lmao.,2,0,1614808997,MatressFire
77,gpl2ayf,[removed],1,0,1614809104,[deleted]
78,gpl2cfo,[removed],1,0,1614809122,[deleted]
79,gpl2hod,[removed],1,0,1614809188,[deleted]
80,gpl46a0,[removed],1,0,1614809959,[deleted]
81,gpl4cqy,[removed],1,0,1614810041,[deleted]
82,gpl4k58,[removed],1,0,1614810135,[deleted]
83,gpl4otg,"Much of the market was down today. Not enough hard handers loaded yet this morning. A solid base formed today, from here this bitch is going up hard.",5,0,1614810196,Mountainmahem
84,gpl5bp6,I purchased 102 @ $11.45. Hopefully we all see great gains in the coming days!,5,0,1614810492,Browntizzle
85,gpl5e4h,"Ok, I know like zero about any of this, but there was a post on VWAP in here yesterday. I used that info to ""guess"" that there was going to be a dip after opening. That's how I controlled my FOMO and waited until I thought I got in low enough.  @10.10 I'm fine but wish I was smarter and waited longer.  I didn't like 6hrs learning about VWAP,  VWMA and how investors use it to trade. I could have just gotten lucky though!",1,0,1614810523,itodobien
86,gpl5kgm,[removed],1,0,1614810606,[deleted]
87,gpl66a0,Loooool same here I though I was the only one who got cucked this morning bought at 12 we gon make it boyz lets hold this bag🔥🔥,1,0,1614810892,kroustillant
88,gpl6bza,[Night time is the right time](https://www.google.com/amp/s/www.nytimes.com/2018/02/02/your-money/stock-market-after-hours-trading.amp.html),2,0,1614810966,spock_block
89,gpl6d5g,"Non-AMP Link: [Night time is the right time](https://www.nytimes.com/2018/02/02/your-money/stock-market-after-hours-trading.html)

I'm a bot. [Why?](https://np.reddit.com/user/NoGoogleAMPBot/comments/lbz2sg/faq/) | [Code](https://github.com/laurinneff/no-google-amp-bot) | [Report issues](https://github.com/laurinneff/no-google-amp-bot/issues)",1,0,1614810982,NoGoogleAMPBot
90,gpl6qjb,I picked up some $12.5 3/19 Calls for .75,1,0,1614811158,KryptoKris69
91,gpl6yrc,[removed],1,0,1614811266,[deleted]
92,gpl6ysg,[removed],1,0,1614811266,[deleted]
93,gpl7k0p,You mean options?,1,0,1614811548,rainnz
94,gpl86wq,[removed],1,0,1614811848,[deleted]
95,gpl8abb,[removed],1,0,1614811893,[deleted]
96,gpl8iat,200 at 12.15,1,0,1614811996,CheetahGod
97,gpl8p2l,200 @ 12.15,1,0,1614812086,CheetahGod
98,gpl8rzi,"Overrall the market is looking like it's ready to take a dump. However, people are selling it all to buy real esate to protect their money from hyper inflation. The real estate market prices are up 20% over the very short term. People are scrambling to take out mortgages while the interest rates are still low. This is the time to be buying stock in lending, especially one that is so undervalued. I have a good feeling about UWMC. I think we'll do well with this one.",3,0,1614812125,Mountainmahem
99,gpl8scu,[removed],1,0,1614812130,[deleted]
