,comment_id,text,score,awards,timestamp,author
0,gph5e54,This ain’t dd bruh,8,0,1614729464,AlexJonesAdamsApple
1,gph5lrs,The fuck is Shoplifty...,2,0,1614729571,WaltofWallstreet
2,gph5mo5,My dick is bigger than this DD and that ain’t saying much,4,0,1614729584,BurpReynolds420
3,gph5n1s,How do you know? You're just the thing that gets hit when Alex Jones is sucking dick,3,0,1614729590,crackclown1997
4,gph5qcz,I bet it still gets sucked though 👌🏼,1,0,1614729636,EastCoastMountaineer
5,gph5r69,That’s an anatomical impossibility chief,2,0,1614729647,AlexJonesAdamsApple
6,gph5spo,"Probably idk, never sucked a dick",1,0,1614729668,crackclown1997
7,gph5sv6,Lmao shoplifty,1,0,1614729671,saltednutz69
8,gph5wv0,"Lol wtf, but facts",2,0,1614729727,jbourbon69
9,gph5ywa,I am new to the trading world and I have been nothing but losing money lately can you explain what you mean by your positions?,1,0,1614729756,Torodre
10,gph6061,what is 70c &amp; 80c??,1,0,1614729775,Torodre
11,gph66ak,[deleted],1,0,1614729864,[deleted]
12,gph6b2o,Haven’t lived then,1,0,1614729935,AlexJonesAdamsApple
