,comment_id,text,score,awards,timestamp,author
0,gq8nvvm,[removed],1,0,1615229150,[deleted]
1,gq8o2vn,[removed],1,0,1615229234,[deleted]
