,comment_id,text,score,awards,timestamp,author
0,gqe97w6,I am a bot from /r/wallstreetbets. News should be a screenshot or link to a news story.,1,0,1615338160,VisualMod
