,comment_id,text,score,awards,timestamp,author
0,gqh022x,[removed],1,0,1615398867,[deleted]
