,comment_id,text,score,awards,timestamp,author
0,gqcrkkl,[removed],1,0,1615312767,[deleted]
1,gqcrlgv,This sounds like a very rational decision not based on hope and emotions,4,0,1615312777,Flrg808
2,gqcro1i,"I am a bot. A Gain/Loss/YOLO should be a picture of a closed gain, a closed loss, or an open position &gt; $2,500.",1,0,1615312809,VisualMod
3,gqcrs34,1k? Shill,1,0,1615312859,Responsible_Emu3601
4,gqcry24,[removed],1,0,1615312933,[deleted]
5,gqctgcu,"Hey I never said I had to sell at that price, just that it had to hit it",1,0,1615313607,RomanticPanic
6,gqctjkv,I MIGHT EVEN GET MY CAR A TUNE UP WITH THAT ATTITUDE MR,1,0,1615313648,RomanticPanic
