,comment_id,text,score,awards,timestamp,author
0,gqiwyem,Omg 🤣🤣🤣🤣🤣🤣🤣 Ocugen. Need. To rise.,1,0,1615430718,GeneralEagle
