,comment_id,text,score,awards,timestamp,author
0,gqciuay,"I am a bot. A Gain/Loss/YOLO should be a picture of a closed gain, a closed loss, or an open position &gt; $2,500.",1,0,1615309005,VisualMod
