,comment_id,text,score,awards,timestamp,author
0,gqidg04,"I am a bot from /r/wallstreetbets.                                You submitted one or more banned tickers: XELA.

                                Message /u/zjz if they're above 1.25 billion-ish market cap and not related to crypto/pennies/OTC/SPACs.",1,0,1615420454,VisualMod
